[128.63636363636363, 76.65289256198346, 53.02404207362884, 224.1018373061949]
[163.47858752817427, 116.59210436445596, 173.04270075938675, 278.6557730724485]
[181.63277471111633, 179.39794339568323, 226.38805294005988, 302.9036604272999]
[210.18088336167418, 216.6222437735155, 254.32995645491607, 315.60452566132545]
[227.10101989705248, 237.0140801599857, 269.3720935551414, 322.44186070688244]
[236.3700364363571, 248.06460454159026, 277.50293874930577, 326.1376994315026]
[241.3930020643592, 254.0436094607568, 281.900594951027, 328.1366340686486]
[244.11073157307126, 257.27787569277194, 284.2793226188275, 329.21787391764883]
[245.5808525876236, 259.02735236656866, 285.5660119473716, 329.80273270335067]
[246.37606925753119, 259.9736732749558, 286.26200271741203, 330.11909214427817]
[246.80621512497987, 260.4855535647236, 286.63847532227356, 330.29021605557887]
[247.03888798396525, 260.76243786647217, 286.8421154191141, 330.3827797359609]
[247.16474448476006, 260.9122090472155, 286.9522676287166, 330.4328489221439]

4×4 Matrix{Float64}: A
  2.2  -1.0   0.0   0.0
 -1.0   2.2  -1.0   0.0
  0.0  -1.0   2.2  -1.0
  0.0   0.0  -1.0   2.2

4×4 Matrix{Float64}: C
  0.0       -0.454545   0.0        0.0
 -0.454545   0.0       -0.454545   0.0
  0.0       -0.454545   0.0       -0.454545
  0.0        0.0       -0.454545   0.0

4-element Vector{Float64}: b
 283.0
  40.0
  40.0
 440.0

4-element Vector{Float64}: d
 128.63636363636363
  18.18181818181818
  18.18181818181818
 199.99999999999997

6-element Vector{Float64}: result
 243.0
 247.16474448476006
 260.9122090472155
 286.9522676287166
 330.4328489221439
 400.0